function Q=Exercicio61_Q(a);
Q1=[12 8 7 6; 8 12 8 7; 7 8 12 8; 6 7 8 12];
Q2=[3 2 1 0; 2 3 2 1; 1 2 3 2; 0 1 2 3];
Q3=[2 1 0 0; 1 2 1 0;0 1 2 1; 0 0 1 2];
Q4=eye(4);
Q=[Q1 Q2 Q3 Q4; Q2 Q1 Q2 Q3;Q3 Q2 Q1 Q2;Q4 Q3 Q2 Q1];
