function z = h_m(xlk)
x1 = xlk(1);
x2 = xlk(2);
x3 = xlk(3);
x4 = xlk(4);
lmdk = xlk(5:6);
lmd1 = lmdk(1);
lmd2 = lmdk(2);
d11=1200*x1^2-200*x2+2;
d12=-200*x1;
d13=0;
d14=0;
d21=-200*x1;
d22=200+20.2;
d23=0;
d24=19.8;
d31=0;
d32=0;
d33=1090*x3^2-18*x4+2;
d34=-180*x3;
d41=0;
d42=19.8;
d43=-180*x3;
d44=180+20.2;
z = [d11 d12 d13 d14; d21 d22 d23 d24; d31 d32 d33 d34; d41 d42 d43 d44];